90 90
90 90
90 90
0.0007123493030295105
0.001579858217173569
0.0021305272012683224
0.0014536569252430447
0.0
0.0
0.001646227270851083
0.0004504011093811899
0.0
0.0
0.00046309772791492147
0.0
-0.0011547772227122211
0.0
0.0009107175875772283
-0.0031587000260985413
-0.0008222355330850441
0.002950291492790103
0.0028126086714387157
0.0
0.0016111985979602996
-0.00038873609810987286
0.0018005333869573993
-0.001273742998507632
-0.00040340934609395815
0.0005679018013257718
-0.001519343211326716
0.0022364567267702494
-0.0010151690670490094
-0.003465627114234088
0.0008828029996572184
0.00427530576672557
0.0
-0.00046926940197201906
0.0
0.0
0.0009888490030270612
-0.00039033620771061284
0.007839940677842334
-0.000993513735446012
-0.0022421929921452397
-0.00192599352691992
0.003043908362115635
-0.0015881758216508219
-0.0007393604387715014
0.0
0.0011051189919094933
0.0
0.0
-0.003457010354960888
0.0017398481375379988
-0.002095835230003871
0.0029040888508113562
-0.0006220468989027624
0.0005523398536078803
-0.0004312570674300112
-0.0013786144256475539
-0.001041677240471198
-0.0012045482609265804
0.000465188485406773
0.0004801693184505987
0.0
0.0007279906303353512
-0.000814642335127104
0.0
-0.0033155118446413275
-0.002453703263906001
0.0
0.0026708121223570393
-0.0019187798243193764
-0.001270241225223491
-0.0013045317233537652
-0.003917813904960399
0.0014964139052610565
-0.0023366002449285665
0.0012403137130665865
0.0
-0.002564733433016702
0.0023867621368374873
-0.0015572959363297856
-0.0012308853991059403
0.0026471403467557154
-0.0021636824571717736
0.00029695306264566597
0.0
0.0015642954191871792
-0.00245289986931948
0.0
0.0015546053083001403
-0.0005397555255081303
Helen prediction error:  530.5999999999999
sklearn prediction error:  538.1
