90
657 666 1207 921 433 585 410 175 354 326 395 214 420 181 -192 444 171 -971 -79 922 -809 1448 2504 953 694 -1272 514 1692 -3914 349 -263 1768 624 -545 741 1732 247 -332 -1598 -2334 -1723 1870 550 87 537 336 -895 104 1615 204 1091 798 749 370 1666 -1702 857 -1659 188 -1632 823 -357 1717 -382 1583 -1589 -134 -3131 -663 533 -1788 -1814 843 -880 2360 -207 1937 -614 -1644 204 -108 -1310 2761 1274 100 1924 -2263 345 -935 470 
666 1328 1664 930 337 639 328 210 323 223 301 221 490 263 -274 1167 -839 -1519 383 1046 -1481 2223 2501 271 1246 -1458 404 3723 -4947 -293 -576 1368 276 -1235 479 2391 579 -675 -1676 -3352 -2228 1613 -163 -60 596 1079 -1029 -869 2736 515 1540 148 1818 495 1903 -2306 1990 -3651 -236 -2001 675 -580 1706 -916 191 -2533 -617 -3944 -579 494 -2630 -2506 1177 -336 1827 -470 2630 -224 -1412 -337 -217 -1170 3941 1224 -23 2670 -1863 117 -238 721 
1207 1664 3166 1884 898 1139 819 368 782 449 677 552 807 63 -492 2283 -272 -1587 61 3573 -3352 3463 3415 541 1630 -1654 1848 4393 -9319 333 -2599 3331 202 -2527 671 4090 1551 -707 -2843 -6514 -5507 3963 -104 204 910 1641 -2847 -1672 4619 743 2763 151 2985 -159 3524 -4653 3269 -4357 646 -4771 1270 -989 3200 -1758 983 -3511 -743 -5392 -414 780 -3708 -3160 777 -1141 3760 -1120 4493 -810 -981 -1135 -322 -1624 6877 2307 52 4636 -3543 327 2158 1196 
921 930 1884 1371 652 851 628 268 565 450 574 351 588 164 -270 946 242 -1290 -186 1776 -1676 2128 3224 1030 923 -1547 980 2208 -5764 402 -926 2578 630 -1087 914 2518 588 -469 -1962 -3938 -2873 2815 699 200 771 660 -1603 -212 2526 340 1596 948 1329 257 2405 -2707 1492 -2365 442 -2737 1096 -536 2432 -722 1898 -2355 -138 -3971 -725 747 -2356 -2457 1075 -1156 3241 -441 2861 -902 -1740 -116 -148 -1740 4065 1697 144 2746 -3129 452 -483 729 
433 337 898 652 492 365 318 134 312 209 292 223 268 -16 -209 856 214 -319 71 1871 -924 956 1168 735 488 -485 833 1017 -3323 378 -647 1346 235 -865 398 1232 542 39 -839 -1808 -1427 1830 109 -47 378 315 -1379 -517 1491 75 1074 281 829 -96 1231 -1355 806 -822 662 -1589 380 -180 1256 -688 1373 -807 -346 -2013 -245 261 -1060 -856 -101 -235 1648 -296 1657 -35 2 280 -101 -887 2199 510 86 1803 -1274 184 612 367 
585 639 1139 851 365 597 383 193 313 298 386 210 426 158 -168 570 245 -1023 -311 451 -760 1197 2144 413 709 -1177 437 1620 -3099 53 121 1546 607 -441 703 1553 73 -487 -1192 -2349 -1254 1545 429 225 542 300 -433 -95 1343 122 1015 757 574 524 1364 -1821 647 -1714 57 -1436 651 -387 1472 -214 1233 -1506 12 -2387 -598 595 -1520 -2023 1111 -810 1919 -106 1978 -631 -1656 39 -15 -1164 2465 999 142 1324 -1940 351 -924 441 
410 328 819 628 318 383 309 127 278 217 278 168 254 56 -93 398 244 -558 -174 898 -816 815 1339 411 331 -635 479 598 -2443 150 -445 1202 283 -480 438 1054 278 -147 -757 -1827 -1210 1312 398 143 355 244 -779 -48 1055 124 659 497 514 54 1051 -1193 565 -808 270 -1242 470 -207 1089 -280 965 -1008 33 -1513 -289 354 -906 -1024 481 -505 1483 -192 1230 -442 -689 -84 -42 -806 1720 667 94 1092 -1444 235 -172 313 
175 210 368 268 134 193 127 84 128 100 129 82 131 61 -43 249 21 -399 -80 364 -460 409 555 53 255 -326 63 466 -901 -86 -16 438 84 -238 212 451 41 -146 -193 -916 -282 525 115 64 205 207 -223 -62 524 29 296 231 311 137 423 -509 297 -574 45 -452 149 -81 455 -43 206 -529 11 -643 -176 185 -387 -637 404 -31 526 -45 575 -90 -250 16 -3 -415 769 187 56 441 -548 99 -249 177 
354 323 782 565 312 313 278 128 308 191 233 170 191 58 -64 396 -29 -482 62 1452 -1199 994 1072 476 282 -436 347 513 -2413 143 -966 1031 -53 -681 283 930 453 -45 -510 -1924 -1343 1324 343 30 323 507 -1124 -48 1269 194 511 310 851 -186 1041 -863 894 -780 338 -1259 405 -100 995 -316 485 -1004 -52 -1433 -177 226 -688 -663 270 -92 1292 -292 856 -233 73 -133 -95 -714 1592 557 47 1330 -1201 134 183 359 
326 223 449 450 209 298 217 100 191 208 226 96 200 133 -36 -44 199 -534 -112 245 -247 595 1392 608 230 -701 71 400 -1411 167 123 891 394 -20 493 643 -58 -151 -649 -953 -432 865 557 85 316 45 -291 415 505 39 319 673 132 280 736 -571 140 -501 83 -520 445 -87 841 78 1003 -727 121 -1379 -443 324 -619 -919 632 -439 1263 25 687 -404 -992 296 -11 -793 973 583 96 688 -1238 240 -1134 198 
395 301 677 574 292 386 278 129 233 226 282 148 269 94 -103 288 333 -597 -244 476 -463 682 1429 469 379 -743 319 676 -1982 153 93 1122 442 -235 530 918 35 -215 -740 -1433 -713 1171 422 144 371 97 -400 99 772 22 619 637 255 295 904 -1060 274 -766 178 -916 447 -187 1024 -88 1143 -845 65 -1521 -422 396 -860 -1194 637 -541 1425 -37 1207 -419 -1014 194 -1 -873 1465 619 121 855 -1375 273 -725 265 
214 221 552 351 223 210 168 82 170 96 148 131 147 -27 -120 530 69 -141 30 905 -666 640 526 217 251 -172 463 624 -1703 214 -518 681 -3 -496 121 654 338 -72 -411 -1177 -971 932 -15 19 199 279 -633 -388 767 95 543 46 569 -82 626 -852 509 -575 359 -891 198 -127 599 -307 337 -404 -130 -903 -53 130 -525 -427 -66 -147 739 -188 772 -60 133 -57 -46 -330 1167 343 33 945 -520 70 614 220 
420 490 807 588 268 426 254 131 191 200 269 147 327 114 -155 481 196 -697 -205 223 -363 827 1539 330 610 -886 341 1438 -2310 79 286 1081 534 -298 513 1170 27 -369 -947 -1496 -826 1117 186 129 369 159 -195 -168 967 70 857 484 369 472 963 -1372 401 -1349 5 -1004 438 -303 1049 -164 1044 -984 -113 -1905 -454 419 -1256 -1513 726 -605 1357 -50 1578 -376 -1300 151 -7 -807 1899 722 97 1025 -1309 246 -606 304 
181 263 63 164 -16 158 56 61 58 133 94 -27 114 398 60 -637 -181 -947 -107 -480 -27 256 1134 357 288 -928 -840 300 -46 -342 656 157 296 300 454 247 -369 -86 -273 -278 629 45 426 10 163 147 350 961 264 11 -159 654 -153 535 319 289 106 -778 -689 306 251 36 412 529 423 -726 115 -1185 -499 236 -530 -1011 1088 40 570 179 184 -167 -1265 338 -2 -681 278 287 32 -49 -807 143 -2181 122 
-192 -274 -492 -270 -209 -168 -93 -43 -64 -36 -103 -120 -155 60 611 -1121 -211 -94 -235 -551 321 -858 -804 -612 -325 109 -909 -1255 2268 -753 53 -649 -93 550 -48 -608 -347 86 689 904 920 -1209 390 238 -212 -132 470 830 -477 -22 -942 -6 -643 -97 -588 952 -409 866 -739 752 -157 200 -614 736 -652 -141 351 1716 194 -45 1126 406 637 434 -782 142 -974 -244 128 -371 130 547 -1081 -404 27 -1406 170 5 -778 -164 
444 1167 2283 946 856 570 398 249 396 -44 288 530 481 -637 -1121 5692 -467 -426 367 3713 -3288 2089 -146 -1049 1312 682 3594 4566 -7718 -115 -1559 1358 -560 -3755 -394 2655 2351 -379 45 -5638 -3044 3261 -2123 -291 788 1267 -3204 -5313 3933 566 3685 -1343 3463 -521 1755 -4601 2827 -4127 2459 -4223 -571 -789 1602 -3852 375 -1663 -1477 -2516 549 257 -2589 -1430 -1179 254 857 -1142 5429 1440 2453 -946 -308 -1230 5103 -603 20 3831 -86 -243 6330 876 
171 -839 -272 242 214 245 244 21 -29 199 333 69 196 -181 -211 -467 3172 349 -1811 -1588 1352 -1668 294 294 -200 -423 514 -2372 1204 970 2295 1136 1331 1205 789 -441 -947 -16 -300 814 1245 905 440 615 30 -1543 1638 843 -2057 -872 205 1353 -2331 718 -348 -594 -2313 2095 394 329 181 -94 324 1000 3021 1828 916 997 -375 447 153 -523 -92 -1780 1013 663 488 -803 -2225 850 349 -352 -852 259 339 -1732 -1007 612 -1256 -390 
-971 -1519 -1587 -1290 -319 -1023 -558 -399 -482 -534 -597 -141 -697 -947 -94 -426 349 4732 1182 607 2195 -1173 -3987 507 -1711 3229 1473 -2511 3481 2482 -2181 -1381 -1124 808 -1768 -2444 674 1009 439 5073 -1330 -1188 -1016 -434 -1119 -950 -52 -1015 -3069 -166 -1095 -2229 -709 -1813 -2035 1625 -1699 4747 1706 1331 -617 457 -2446 87 -1420 4853 -378 4074 1618 -1387 3071 5248 -5012 34 -2454 -85 -4013 535 4562 176 51 3556 -3661 -468 -281 -249 4393 -644 5808 -882 
-79 383 61 -186 71 -311 -174 -80 62 -112 -244 30 -205 -107 -235 367 -1811 1182 3055 2343 -172 2342 562 1940 -423 535 789 1362 -2803 1293 -2667 -172 -887 -793 -677 177 1624 310 -1173 402 -2278 639 -130 -1031 81 862 -2101 -1159 852 927 172 -1133 2284 -980 678 460 1233 -416 1604 -33 237 311 31 -868 -710 286 -1059 -2746 226 -661 -483 1990 -2349 906 460 -583 -1789 845 2618 633 -463 174 728 375 -325 3763 1547 -509 2268 200 
922 1046 3573 1776 1871 451 898 364 1452 245 476 905 223 -480 -551 3713 -1588 607 2343 15112 -8420 4706 -560 2018 1379 1204 2913 2165 -13717 1157 -10193 3418 -3191 -6522 -901 4020 4741 1521 -703 -8629 -9438 7320 -1422 -1186 406 4241 -9898 -3372 8739 876 2991 -2463 6912 -4264 4677 -2850 7514 -2070 2926 -8113 454 6 3475 -4036 -807 -2581 -2725 -5178 1443 -801 -2216 1376 -4371 3429 3537 -3017 2949 1904 9670 -1292 -977 -785 8419 586 -348 9317 -1659 -638 10881 1804 
-809 -1481 -3352 -1676 -924 -760 -816 -460 -1199 -247 -463 -666 -363 -27 321 -3288 1352 2195 -172 -8420 8880 -3953 -382 606 -1341 -132 -899 -1831 9250 811 7009 -2058 2931 5201 537 -3194 -3243 -176 -1136 10398 6093 -4785 818 223 -687 -4109 5864 2076 -7046 -1141 -1827 1018 -5670 2387 -3473 2525 -6555 4767 -939 6198 -251 237 -2704 2535 2970 4182 837 3126 -887 -30 2340 892 23 -2326 -1915 2205 -3021 -898 -5333 3056 672 1646 -6058 -618 244 -4985 2470 405 -5968 -1734 
1448 2223 3463 2128 956 1197 815 409 994 595 682 640 827 256 -858 2089 -1668 -1173 2342 4706 -3953 6806 6182 3701 1412 -2007 1886 6283 -12347 2502 -4671 3985 -522 -2688 517 4319 2413 -901 -4217 -6927 -7732 5493 600 -766 1307 2635 -4100 -1212 5162 1558 2717 277 4972 -408 4679 -3954 4518 -5612 1994 -4733 2192 -674 4026 -1818 829 -3377 -1217 -9818 -997 492 -4502 -2283 -469 -1193 5436 -1322 2765 -574 -72 72 -794 -2467 7181 4036 -242 8388 -3443 63 1494 1580 
2504 2501 3415 3224 1168 2144 1339 555 1072 1392 1429 526 1539 1134 -804 -146 294 -3987 562 -560 -382 6182 13010 6068 1852 -6025 938 6277 -12899 2367 1334 6392 3366 173 3480 5418 -204 -1732 -6495 -6251 -4271 6180 3880 -138 2356 313 -1591 2491 3620 887 2977 4793 1560 2784 5900 -4416 1572 -6261 531 -3318 3863 -1011 6474 -424 7841 -5604 199 -14342 -3900 2255 -7036 -7309 4177 -4587 9957 176 5364 -3075 -9887 2665 -455 -6277 7760 5724 323 6982 -9012 1482 -9714 1451 
953 271 541 1030 735 413 411 53 476 608 469 217 330 357 -612 -1049 294 507 1940 2018 606 3701 6068 6808 -133 -1667 746 1611 -6746 4443 -1389 3097 862 464 1108 1157 726 450 -3824 377 -3095 4297 2050 -1229 700 -110 -2410 2459 642 514 813 1972 931 131 2754 564 497 -58 2165 -711 2152 381 2878 -86 5191 644 -629 -8720 -1705 54 -2198 441 -1929 -1969 5484 63 -493 -384 -1684 3496 -618 -2503 1603 3562 -141 5774 -2975 351 -3353 366 
694 1246 1630 923 488 709 331 255 282 230 379 251 610 288 -325 1312 -200 -1711 -423 1379 -1341 1412 1852 -133 1997 -1575 14 4130 -4500 -618 550 1364 630 -1271 692 2506 -157 -811 -1297 -2956 -1268 1786 -611 40 478 911 -402 -777 2976 -66 1942 140 1260 865 1746 -2292 1756 -3503 -779 -2206 400 -641 1759 -572 617 -2289 -929 -3597 -729 575 -2863 -3142 1518 38 1580 -302 3557 119 -1517 163 -84 -1237 4372 878 70 2073 -2089 218 -333 712 
-1272 -1458 -1654 -1547 -485 -1177 -635 -326 -436 -701 -743 -172 -886 -928 109 682 -423 3229 535 1204 -132 -2007 -6025 -1667 -1575 4569 750 -3321 4807 444 -2384 -2739 -2187 -445 -2191 -2942 679 866 3127 3095 247 -2129 -1504 -287 -1084 -148 -629 -1776 -2163 -179 -1376 -2606 160 -2211 -2631 2248 -653 4039 1269 1137 -1596 609 -3069 -539 -3869 3564 -149 6581 2126 -1425 3687 5427 -3748 1778 -4322 -372 -3634 1529 6273 -1161 21 3187 -4347 -2175 -283 -1752 4755 -895 6544 -723 
514 404 1848 980 833 437 479 63 347 71 319 463 341 -840 -909 3594 514 1473 789 2913 -899 1886 938 746 14 750 4611 2324 -7562 1947 -2351 2466 219 -2101 -253 2251 2286 160 -2185 -3021 -4964 3293 -830 -120 524 -49 -3096 -3959 1778 546 2917 -843 1995 -1014 1866 -4447 1081 -789 3258 -3599 455 -762 1638 -3109 2168 29 -803 -2470 551 120 -1887 221 -2826 -1901 2350 -966 3362 -89 1033 -547 -265 -323 4016 964 41 4016 -472 49 6008 369 
1692 3723 4393 2208 1017 1620 598 466 513 400 676 624 1438 300 -1255 4566 -2372 -2511 1362 2165 -1831 6283 6277 1611 4130 -3321 2324 14232 -14418 891 -296 3628 1240 -3158 861 6737 1247 -2135 -5921 -6296 -6600 4399 -1975 -637 1382 2220 -2057 -3821 7101 1080 5574 -691 4736 1864 4808 -7202 4949 -10098 140 -5401 1696 -1925 4321 -3288 963 -5018 -2951 -11903 -1623 1011 -7278 -6348 1325 -1782 4421 -1029 8465 288 -3621 554 -641 -2102 11171 4024 -166 8386 -3798 106 1257 1729 
-3914 -4947 -9319 -5764 -3323 -3099 -2443 -901 -2413 -1411 -1982 -1703 -2310 -46 2268 -7718 1204 3481 -2803 -13717 9250 -12347 -12899 -6746 -4500 4807 -7562 -14418 34508 -4354 9202 -11159 -949 8521 -2103 -12809 -6329 786 10742 18021 18414 -14917 67 1128 -2949 -4492 12113 5628 -14824 -2715 -9864 -618 -10386 1256 -12202 13035 -10416 12626 -4948 14896 -4470 2524 -11100 7719 -7415 9253 3867 22691 1868 -1689 13353 6988 1447 3951 -14284 3794 -13825 892 2162 488 1763 6753 -21726 -7950 168 -19257 11189 -742 -7229 -3580 
349 -293 333 402 378 53 150 -86 143 167 153 214 79 -342 -753 -115 970 2482 1293 1157 811 2502 2367 4443 -618 444 1947 891 -4354 4854 -2181 2081 13 414 -204 249 939 384 -3259 1358 -4230 2983 346 -760 14 -401 -1148 486 -939 339 751 117 593 -661 1266 -385 -214 1484 2723 -711 1381 76 1108 -166 2265 3026 -431 -4271 -250 -485 -732 2483 -3924 -2395 2791 -127 -1398 -210 466 1775 -419 168 281 3114 -225 4072 -125 -2 1886 -59 
-263 -576 -2599 -926 -647 121 -445 -16 -966 123 93 -518 286 656 53 -1559 2295 -2181 -2667 -10193 7009 -4671 1334 -1389 550 -2384 -2351 -296 9202 -2181 11910 -1771 4067 4526 2195 -2165 -4674 -1190 797 6180 10920 -4014 777 802 405 -3789 7497 2078 -5508 -1877 -500 3293 -5997 4879 -3032 1374 -6438 688 -2348 6018 -827 -57 -1303 2549 4332 1129 1443 2022 -2384 1371 160 -4390 4990 -1578 -1402 2890 1595 -282 -9040 3586 953 -1989 -4486 -2134 735 -7015 -134 1048 -11345 -1145 
1768 1368 3331 2578 1346 1546 1202 438 1031 891 1122 681 1081 157 -649 1358 1136 -1381 -172 3418 -2058 3985 6392 3097 1364 -2739 2466 3628 -11159 2081 -1771 5446 1534 -1482 1784 4530 1071 -608 -4737 -6044 -6075 5819 1509 285 1362 619 -3065 -90 3823 453 3055 1945 1913 362 4569 -5152 1979 -3024 1559 -4976 2392 -978 4683 -1215 4786 -3109 -235 -7890 -1429 1288 -4199 -3867 802 -3047 6814 -692 4871 -1934 -3461 534 -285 -3018 7221 3793 288 5623 -5769 957 -654 1156 
624 276 202 630 235 607 283 84 -53 394 442 -3 534 296 -93 -560 1331 -1124 -887 -3191 2931 -522 3366 862 630 -2187 219 1240 -949 13 4067 1534 2740 1578 1659 1126 -1519 -759 -2229 929 1584 333 1256 488 581 -1709 1904 972 -901 -415 964 2029 -1990 2066 674 -1547 -2235 -452 -511 503 826 -484 1322 577 4327 -941 372 -2541 -1534 1052 -1851 -3052 2247 -2295 2456 862 2326 -1337 -5782 1615 284 -1681 1430 949 401 -420 -2698 862 -4886 -131 
-545 -1235 -2527 -1087 -865 -441 -480 -238 -681 -20 -235 -496 -298 300 550 -3755 1205 808 -793 -6522 5201 -2688 173 464 -1271 -445 -2101 -3158 8521 414 4526 -1482 1578 4302 561 -2946 -2791 -255 28 6585 4800 -3577 1540 459 -461 -2474 4858 3500 -5531 -810 -2617 1561 -4361 1703 -2580 3055 -4578 3786 -1403 4952 118 470 -1946 3292 1068 2746 1567 3043 -798 119 2526 572 1203 -1488 -1307 1760 -3783 -1257 -3990 1731 554 926 -5672 8 199 -4735 1073 412 -6329 -1146 
741 479 671 914 398 703 438 212 283 493 530 121 513 454 -48 -394 789 -1768 -677 -901 537 517 3480 1108 692 -2191 -253 861 -2103 -204 2195 1784 1659 561 1552 1327 -800 -473 -1455 -1333 761 1354 1378 310 764 -489 385 1267 561 -192 746 2062 -673 1415 1323 -1151 -572 -1233 -369 -396 875 -245 1828 437 3260 -1785 401 -3091 -1408 985 -1702 -3026 2377 -1209 2786 454 2148 -984 -3937 1176 106 -2271 1850 905 326 476 -3064 725 -4481 288 
1732 2391 4090 2518 1232 1553 1054 451 930 643 918 654 1170 247 -608 2655 -441 -2444 177 4020 -3194 4319 5418 1157 2506 -2942 2251 6737 -12809 249 -2165 4530 1126 -2946 1327 5867 1666 -943 -4639 -7629 -6615 5018 -2 180 1241 1709 -3444 -1929 6251 883 4004 525 3410 398 4869 -6196 3969 -6150 377 -5992 1846 -1419 4541 -2404 2653 -5097 -1305 -8428 -1019 1193 -5723 -5021 1561 -1822 5513 -1280 6807 -1142 -2979 -784 -422 -2558 9722 3178 102 6269 -5332 576 1258 1512 
247 579 1551 588 542 73 278 41 453 -58 35 338 27 -369 -347 2351 -947 674 1624 4741 -3243 2413 -204 726 -157 679 2286 1247 -6329 939 -4674 1071 -1519 -2791 -800 1666 3714 951 -923 -3891 -4616 2774 -1142 -577 158 1669 -4127 -2537 3225 1273 1527 -1483 3212 -1828 1755 -1952 3083 -1968 2037 -3138 65 -88 1085 -2443 -220 -630 -1154 -2606 1113 -442 -1304 1242 -2745 509 1142 -1394 1515 864 3823 -1304 -513 -48 3237 359 -283 4141 557 -465 6158 653 
-332 -675 -707 -469 39 -487 -147 -146 -45 -151 -215 -72 -369 -86 86 -379 -16 1009 310 1521 -176 -901 -1732 450 -811 866 160 -2135 786 384 -1190 -608 -759 -255 -473 -943 951 1918 622 1260 205 -46 -437 -338 -401 -100 -1356 161 -115 -26 -494 -470 -175 -1019 -478 1355 6 1670 563 423 -434 482 -617 -370 152 1318 -160 1149 675 -588 1214 2144 -1828 770 -700 -190 -800 920 2180 93 -127 568 -1459 -833 -113 -245 1209 -255 1568 -259 
-1598 -1676 -2843 -1962 -839 -1192 -757 -193 -510 -649 -740 -411 -947 -273 689 45 -300 439 -1173 -703 -1136 -4217 -6495 -3824 -1297 3127 -2185 -5921 10742 -3259 797 -4737 -2229 28 -1455 -4639 -923 622 8791 2106 7004 -3821 -693 2 -838 96 1278 -554 -2431 -899 -2944 -1104 -1351 -957 -4242 4943 -943 2885 -1130 3100 -2881 1261 -3858 805 -3773 1895 842 9435 1508 -810 5006 2874 250 4342 -6251 454 -3366 1934 5462 -1105 465 1428 -7028 -5283 -43 -6303 4420 -794 913 -676 
-2334 -3352 -6514 -3938 -1808 -2349 -1827 -916 -1924 -953 -1433 -1177 -1496 -278 904 -5638 814 5073 402 -8629 10398 -6927 -6251 377 -2956 3095 -3021 -6296 18021 1358 6180 -6044 929 6585 -1333 -7629 -3891 1260 2106 17236 9311 -8400 -220 -483 -2276 -4546 7049 3674 -10525 -1706 -4963 -901 -7223 863 -7014 8436 -7980 9975 -1402 10130 -1793 1548 -6529 4103 -695 8918 713 9211 607 -1798 6968 6811 -3215 345 -6897 2591 -9223 1035 39 3582 699 5028 -12977 -2703 -161 -8230 7506 -534 -3910 -2831 
-1723 -2228 -5507 -2873 -1427 -1254 -1210 -282 -1343 -432 -713 -971 -826 629 920 -3044 1245 -1330 -2278 -9438 6093 -7732 -4271 -3095 -1268 247 -4964 -6600 18414 -4230 10920 -6075 1584 4800 761 -6615 -4616 205 7004 9311 16215 -7465 600 313 -549 -3366 7538 3160 -7570 -2113 -3991 2201 -6725 3293 -6424 7446 -6850 4334 -3019 9463 -2956 1547 -4743 3557 756 3183 1956 9111 -944 157 5069 -94 4128 2775 -6425 3090 -3638 1677 -3010 3117 1071 -489 -11274 -6248 517 -11231 4053 187 -10755 -1800 
1870 1613 3963 2815 1830 1545 1312 525 1324 865 1171 932 1117 45 -1209 3261 905 -1188 639 7320 -4785 5493 6180 4297 1786 -2129 3293 4399 -14917 2983 -4014 5819 333 -3577 1354 5018 2774 -46 -3821 -8400 -7465 8510 529 -532 1523 1933 -5618 -1528 5900 737 4189 1271 4142 -562 5502 -5201 4027 -4428 2891 -6665 2072 -704 5450 -2617 5135 -2678 -1317 -10297 -1095 865 -5328 -3030 -1250 -1614 7393 -1384 5684 -345 -74 948 -654 -3768 8768 3455 91 8656 -5151 566 2590 1659 
550 -163 -104 699 109 429 398 115 343 557 422 -15 186 426 390 -2123 440 -1016 -130 -1422 818 600 3880 2050 -611 -1504 -830 -1975 67 346 777 1509 1256 1540 1378 -2 -1142 -437 -693 -220 600 529 3228 328 659 -769 208 3066 -877 106 -1069 2568 -1000 662 920 902 -1335 1140 -91 598 1316 272 1327 1430 2741 -1639 1292 -1685 -1388 794 27 -1025 2413 -1333 2936 541 -1140 -1937 -3405 996 96 -2065 -586 1321 275 -47 -3408 721 -5851 55 
87 -60 204 200 -47 225 143 64 30 85 144 19 129 10 238 -291 615 -434 -1031 -1186 223 -766 -138 -1229 40 -287 -120 -637 1128 -760 802 285 488 459 310 180 -577 -338 2 -483 313 -532 328 691 57 -373 959 266 -419 -175 -152 393 -823 366 -163 -882 -712 238 -603 -114 60 -249 -16 633 -40 -534 653 1543 4 410 322 -961 1272 -635 -49 184 524 -857 -1319 -727 267 183 126 18 199 -1526 -675 300 -626 -49 
537 596 910 771 378 542 355 205 323 316 371 199 369 163 -212 788 30 -1119 81 406 -687 1307 2356 700 478 -1084 524 1382 -2949 14 405 1362 581 -461 764 1241 158 -401 -838 -2276 -549 1523 659 57 734 227 -717 -269 1142 185 951 997 766 582 1266 -1471 444 -1645 537 -977 551 -220 1436 -456 1475 -1549 93 -2527 -746 605 -1326 -1821 1126 -537 1943 -19 1728 -341 -1473 440 -55 -1638 1966 594 172 1523 -1766 339 -1503 428 
336 1079 1641 660 315 300 244 207 507 45 97 279 159 147 -132 1267 -1543 -950 862 4241 -4109 2635 313 -110 911 -148 -49 2220 -4492 -401 -3789 619 -1709 -2474 -489 1709 1669 -100 96 -4546 -3366 1933 -769 -373 227 2523 -2701 -1046 3755 719 746 -1028 3252 -1079 1709 -981 3860 -3155 -39 -2694 183 -128 1108 -1023 -2477 -2068 -846 -2365 428 -179 -1349 -614 -209 1626 556 -1127 944 613 2967 -1369 -397 -282 3237 534 -263 3106 -427 -406 2923 936 
-895 -1029 -2847 -1603 -1379 -433 -779 -223 -1124 -291 -400 -633 -195 350 470 -3204 1638 -52 -2101 -9898 5864 -4100 -1591 -2410 -402 -629 -3096 -2057 12113 -1148 7497 -3065 1904 4858 385 -3444 -4127 -1356 1278 7049 7538 -5618 208 959 -717 -2701 8664 2614 -6592 -1229 -2502 1028 -5433 3028 -4074 2756 -5528 2445 -2824 6084 -822 131 -3224 4094 -822 3090 1693 5464 -720 329 2280 -877 2840 -1235 -3867 2286 -3097 -932 -5360 1039 901 1523 -6350 -1011 264 -7707 2522 351 -6547 -1340 
104 -869 -1672 -212 -517 -95 -48 -62 -48 415 99 -388 -168 961 830 -5313 843 -1015 -1159 -3372 2076 -1212 2491 2459 -777 -1776 -3959 -3821 5628 486 2078 -90 972 3500 1267 -1929 -2537 161 -554 3674 3160 -1528 3066 266 -269 -1046 2614 7094 -2870 -487 -3287 2899 -3207 1073 -564 4672 -2275 3011 -2539 3355 1208 831 -42 3851 1320 298 1628 -160 -1487 248 1581 -14 2688 -761 1217 1256 -4210 -1709 -3870 1739 195 -719 -4093 1605 106 -2909 -2652 605 -9096 -490 
1615 2736 4619 2526 1491 1343 1055 524 1269 505 772 767 967 264 -477 3933 -2057 -3069 852 8739 -7046 5162 3620 642 2976 -2163 1778 7101 -14824 -939 -5508 3823 -901 -5531 561 6251 3225 -115 -2431 -10525 -7570 5900 -877 -419 1142 3755 -6592 -2870 9728 1314 4155 -761 5993 -1170 5479 -5212 7328 -7666 438 -7862 1133 -1023 4707 -3763 389 -6704 -2310 -8462 -226 663 -5472 -4094 1084 1107 4617 -2301 7337 471 1725 -1802 -798 -2820 10949 1956 -160 7813 -5060 -28 4326 2114 
204 515 743 340 75 122 124 29 194 39 22 95 70 11 -22 566 -872 -166 927 876 -1141 1558 887 514 -66 -179 546 1080 -2715 339 -1877 453 -415 -810 -192 883 1273 -26 -899 -1706 -2113 737 106 -175 185 719 -1229 -487 1314 913 386 -357 1495 -474 943 -733 1234 -1433 553 -1044 370 -72 579 -656 -298 -1029 -328 -1821 182 -41 -807 290 -300 -145 805 -513 151 -105 559 -676 -244 -170 1543 786 -135 1968 -402 -133 1338 331 
1091 1540 2763 1596 1074 1015 659 296 511 319 619 543 857 -159 -942 3685 205 -1095 172 2991 -1827 2717 2977 813 1942 -1376 2917 5574 -9864 751 -500 3055 964 -2617 746 4004 1527 -494 -2944 -4963 -3991 4189 -1069 -152 951 746 -2502 -3287 4155 386 4030 -64 2494 450 3092 -5148 2277 -4429 1590 -4364 703 -1064 3050 -2771 2934 -2304 -1466 -6061 -571 735 -4424 -3147 -210 -1345 3493 -834 6207 281 -1364 199 -317 -2080 6913 1446 109 4838 -2557 305 2840 952 
798 148 151 948 281 757 497 231 310 673 637 46 484 654 -6 -1343 1353 -2229 -1133 -2463 1018 277 4793 1972 140 -2606 -843 -691 -618 117 3293 1945 2029 1561 2062 525 -1483 -470 -1104 -901 2201 1271 2568 393 997 -1028 1028 2899 -761 -357 -64 3457 -1596 1900 1119 -42 -1601 -403 -374 762 1212 19 1974 1136 4225 -1634 1305 -3134 -2028 1239 -1209 -3169 3251 -1807 3438 950 1174 -1481 -5494 1839 166 -3174 116 1152 438 -454 -3985 992 -7720 135 
749 1818 2985 1329 829 574 514 311 851 132 255 569 369 -153 -643 3463 -2331 -709 2284 6912 -5670 4972 1560 931 1260 160 1995 4736 -10386 593 -5997 1913 -1990 -4361 -673 3410 3212 -175 -1351 -7223 -6725 4142 -1000 -823 766 3252 -5433 -3207 5993 1495 2494 -1596 5912 -1804 3437 -3055 5368 -4853 1902 -4941 620 -420 2423 -3039 -2107 -3244 -1719 -5499 470 -216 -3146 -225 -1491 1436 2258 -1959 2366 1071 4254 -1477 -797 -1035 6455 1356 -347 7236 -1193 -524 6009 1462 
370 495 -159 257 -96 524 54 137 -186 280 295 -82 472 535 -97 -521 718 -1813 -980 -4264 2387 -408 2784 131 865 -2211 -1014 1864 1256 -661 4879 362 2066 1703 1415 398 -1828 -1019 -957 863 3293 -562 662 366 582 -1079 3028 1073 -1170 -474 450 1900 -1804 2599 -86 -647 -1879 -1739 -1199 1627 338 -315 618 1146 2421 -771 485 -1941 -1580 983 -1413 -3521 2990 -1306 970 1137 1839 -640 -5305 1605 320 -1659 132 336 323 -1449 -1422 630 -5923 -66 
1666 1903 3524 2405 1231 1364 1051 423 1041 736 904 626 963 319 -588 1755 -348 -2035 678 4677 -3473 4679 5900 2754 1746 -2631 1866 4808 -12202 1266 -3032 4569 674 -2580 1323 4869 1755 -478 -4242 -7014 -6424 5502 920 -163 1266 1709 -4074 -564 5479 943 3092 1119 3437 -86 4839 -4437 3697 -4645 1092 -5273 2100 -871 4550 -1930 3017 -4279 -937 -8742 -1182 949 -4886 -3523 849 -1580 6056 -1190 4752 -1039 -2037 -38 -560 -3019 8050 3402 48 6713 -5394 548 237 1429 
-1702 -2306 -4653 -2707 -1355 -1821 -1193 -509 -863 -571 -1060 -852 -1372 289 952 -4601 -594 1625 460 -2850 2525 -3954 -4416 564 -2292 2248 -4447 -7202 13035 -385 1374 -5152 -1547 3055 -1151 -6196 -1952 1355 4943 8436 7446 -5201 902 -882 -1471 -981 2756 4672 -5212 -733 -5148 -42 -3055 -647 -4437 9633 -2701 6166 -1639 6766 -1490 2044 -4261 2939 -2941 4090 888 6432 443 -1559 5322 5643 -907 3333 -5116 1200 -8621 1581 3248 1640 104 1784 -10283 -2831 -350 -5444 4063 -756 -4325 -1383 
857 1990 3269 1492 806 647 565 297 894 140 274 509 401 106 -409 2827 -2313 -1699 1233 7514 -6555 4518 1572 497 1756 -653 1081 4949 -10416 -214 -6438 1979 -2235 -4578 -572 3969 3083 6 -943 -7980 -6850 4027 -1335 -712 444 3860 -5528 -2275 7328 1234 2277 -1601 5368 -1879 3697 -2701 7218 -5670 334 -5749 674 -551 2758 -3025 -2363 -4125 -1794 -5582 567 -152 -3158 -1587 -624 1626 2144 -2111 3611 778 3784 -2238 -819 -897 6964 1557 -456 6062 -2235 -564 5090 1607 
-1659 -3651 -4357 -2365 -822 -1714 -808 -574 -780 -501 -766 -575 -1349 -778 866 -4127 2095 4747 -416 -2070 4767 -5612 -6261 -58 -3503 4039 -789 -10098 12626 1484 688 -3024 -452 3786 -1233 -6150 -1968 1670 2885 9975 4334 -4428 1140 238 -1645 -3155 2445 3011 -7666 -1433 -4429 -403 -4853 -1739 -4645 6166 -5670 11588 879 5357 -1134 1491 -4374 2851 -898 6808 1767 10447 1440 -1420 7263 7481 -3636 443 -4103 1149 -8494 -56 3539 1079 544 3725 -10036 -2293 97 -6205 4338 -171 689 -2010 
188 -236 646 442 662 57 270 45 338 83 178 359 5 -689 -739 2459 394 1706 1604 2926 -939 1994 531 2165 -779 1269 3258 140 -4948 2723 -2348 1559 -511 -1403 -369 377 2037 563 -1130 -1402 -3019 2891 -91 -603 537 -39 -2824 -2539 438 553 1590 -374 1902 -1199 1092 -1639 334 879 4228 -1684 252 113 957 -1967 1702 1393 -397 -1960 344 -234 -194 2310 -3261 -858 1820 -559 517 785 2715 756 -388 -973 908 496 -9 3661 564 -90 4334 175 
-1632 -2001 -4771 -2737 -1589 -1436 -1242 -452 -1259 -520 -916 -891 -1004 306 752 -4223 329 1331 -33 -8113 6198 -4733 -3318 -711 -2206 1137 -3599 -5401 14896 -711 6018 -4976 503 4952 -396 -5992 -3138 423 3100 10130 9463 -6665 598 -114 -977 -2694 6084 3355 -7862 -1044 -4364 762 -4941 1627 -5273 6766 -5749 5357 -1684 8700 -1453 1335 -4659 3605 -1544 4813 1662 6831 -219 -733 4890 3112 379 1051 -5272 2265 -7099 749 -1458 2286 594 2020 -10372 -2807 44 -7223 4919 -210 -6750 -1785 
823 675 1270 1096 380 651 470 149 405 445 447 198 438 251 -157 -571 181 -617 237 454 -251 2192 3863 2152 400 -1596 455 1696 -4470 1381 -827 2392 826 118 875 1846 65 -434 -2881 -1793 -2956 2072 1316 60 551 183 -822 1208 1133 370 703 1212 620 338 2100 -1490 674 -1134 252 -1453 1570 -371 2058 81 1830 -1461 128 -4243 -962 530 -1877 -1507 651 -1810 3359 -153 874 -1368 -2603 438 -186 -1188 2662 2584 50 2651 -3014 456 -1994 435 
-357 -580 -989 -536 -180 -387 -207 -81 -100 -87 -187 -127 -303 36 200 -789 -94 457 311 6 237 -674 -1011 381 -641 609 -762 -1925 2524 76 -57 -978 -484 470 -245 -1419 -88 482 1261 1548 1547 -704 272 -249 -220 -128 131 831 -1023 -72 -1064 19 -420 -315 -871 2044 -551 1491 113 1335 -371 569 -824 596 -312 1051 182 1299 168 -350 1375 1505 -513 919 -907 215 -1930 512 1360 503 7 213 -2222 -775 -47 -825 1044 -164 -520 -246 
1717 1706 3200 2432 1256 1472 1089 455 995 841 1024 599 1049 412 -614 1602 324 -2446 31 3475 -2704 4026 6474 2878 1759 -3069 1638 4321 -11100 1108 -1303 4683 1322 -1946 1828 4541 1085 -617 -3858 -6529 -4743 5450 1327 -16 1436 1108 -3224 -42 4707 579 3050 1974 2423 618 4550 -4261 2758 -4374 957 -4659 2058 -824 4664 -1557 4359 -4122 -573 -8607 -1644 1270 -4754 -4369 1678 -1960 6331 -725 5263 -1217 -3402 658 -402 -3735 7319 3118 209 5643 -5864 798 -1792 1307 
-382 -916 -1758 -722 -688 -214 -280 -43 -316 78 -88 -307 -164 529 736 -3852 1000 87 -868 -4036 2535 -1818 -424 -86 -572 -539 -3109 -3288 7719 -166 2549 -1215 577 3292 437 -2404 -2443 -370 805 4103 3557 -2617 1430 633 -456 -1023 4094 3851 -3763 -656 -2771 1136 -3039 1146 -1930 2939 -3025 2851 -1967 3605 81 596 -1557 4474 -641 1891 1401 3011 -493 120 2314 396 1707 -118 -1259 1301 -4024 -1088 -1918 895 541 895 -4261 177 168 -4067 839 328 -4904 -620 
1583 191 983 1898 1373 1233 965 206 485 1003 1143 337 1044 423 -652 375 3021 -1420 -710 -807 2970 829 7841 5191 617 -3869 2168 963 -7415 2265 4332 4786 4327 1068 3260 2653 -220 152 -3773 -695 756 5135 2741 -40 1475 -2477 -822 1320 389 -298 2934 4225 -2107 2421 3017 -2941 -2363 -898 1702 -1544 1830 -312 4359 -641 12301 -996 -111 -8766 -2725 1732 -4075 -4396 1323 -4003 7592 924 5702 -1597 -7639 4251 75 -5064 3949 1985 636 2991 -5818 1518 -6718 225 
-1589 -2533 -3511 -2355 -807 -1506 -1008 -529 -1004 -727 -845 -404 -984 -726 -141 -1663 1828 4853 286 -2581 4182 -3377 -5604 644 -2289 3564 29 -5018 9253 3026 1129 -3109 -941 2746 -1785 -5097 -630 1318 1895 8918 3183 -2678 -1639 -534 -1549 -2068 3090 298 -6704 -1029 -2304 -1634 -3244 -771 -4279 4090 -4125 6808 1393 4813 -1461 1051 -4122 1891 -996 8546 293 6154 1510 -1671 4648 6270 -5656 178 -4470 1063 -6088 1573 3950 1738 293 3984 -8083 -1558 -232 -3562 6892 -669 3422 -1624 
-134 -617 -743 -138 -346 12 33 11 -52 121 65 -130 -113 115 351 -1477 916 -378 -1059 -2725 837 -1217 199 -629 -929 -149 -803 -2951 3867 -431 1443 -235 372 1567 401 -1305 -1154 -160 842 713 1956 -1317 1292 653 93 -846 1693 1628 -2310 -328 -1466 1305 -1719 485 -937 888 -1794 1767 -397 1662 128 182 -573 1401 -111 293 1628 2642 -264 370 1599 -124 1495 -788 -323 653 -1588 -1083 -1807 -262 306 -134 -2708 -182 226 -2864 -433 361 -3121 -356 
-3131 -3944 -5392 -3971 -2013 -2387 -1513 -643 -1433 -1379 -1521 -903 -1905 -1185 1716 -2516 997 4074 -2746 -5178 3126 -9818 -14342 -8720 -3597 6581 -2470 -11903 22691 -4271 2022 -7890 -2541 3043 -3091 -8428 -2606 1149 9435 9211 9111 -10297 -1685 1543 -2527 -2365 5464 -160 -8462 -1821 -6061 -3134 -5499 -1941 -8742 6432 -5582 10447 -1960 6831 -4243 1299 -8607 3011 -8766 6154 2642 22007 3789 -1676 11101 7274 -1084 3709 -12186 1158 -8394 943 7116 -3518 1284 7052 -13660 -7233 127 -13950 9177 -945 4664 -2388 
-663 -579 -414 -725 -245 -598 -289 -176 -177 -443 -422 -53 -454 -499 194 549 -375 1618 226 1443 -887 -997 -3900 -1705 -729 2126 551 -1623 1868 -250 -2384 -1429 -1534 -798 -1408 -1019 1113 675 1508 607 -944 -1095 -1388 4 -746 428 -720 -1487 -226 182 -571 -2028 470 -1580 -1182 443 567 1440 344 -219 -962 168 -1644 -493 -2725 1510 -264 3789 1655 -823 1835 2701 -2193 1140 -2589 -563 -1401 745 4014 -1661 -2 2307 -1264 -1194 -215 -901 2769 -589 5192 -250 
533 494 780 747 261 595 354 185 226 324 396 130 419 236 -45 257 447 -1387 -661 -801 -30 492 2255 54 575 -1425 120 1011 -1689 -485 1371 1288 1052 119 985 1193 -442 -588 -810 -1798 157 865 794 410 605 -179 329 248 663 -41 735 1239 -216 983 949 -1559 -152 -1420 -234 -733 530 -350 1270 120 1732 -1671 370 -1676 -823 809 -1230 -2488 1984 -972 1730 213 2060 -849 -2719 208 119 -1502 1695 576 249 129 -2105 498 -2444 291 
-1788 -2630 -3708 -2356 -1060 -1520 -906 -387 -688 -619 -860 -525 -1256 -530 1126 -2589 153 3071 -483 -2216 2340 -4502 -7036 -2198 -2863 3687 -1887 -7278 13353 -732 160 -4199 -1851 2526 -1702 -5723 -1304 1214 5006 6968 5069 -5328 27 322 -1326 -1349 2280 1581 -5472 -807 -4424 -1209 -3146 -1413 -4886 5322 -3158 7263 -194 4890 -1877 1375 -4754 2314 -4075 4648 1599 11101 1835 -1230 8171 5522 -1720 2144 -6018 950 -6896 640 5238 -425 563 4002 -9461 -3296 6 -6792 5295 -582 920 -1418 
-1814 -2506 -3160 -2457 -856 -2023 -1024 -637 -663 -919 -1194 -427 -1513 -1011 406 -1430 -523 5248 1990 1376 892 -2283 -7309 441 -3142 5427 221 -6348 6988 2483 -4390 -3867 -3052 572 -3026 -5021 1242 2144 2874 6811 -94 -3030 -1025 -961 -1821 -614 -877 -14 -4094 290 -3147 -3169 -225 -3521 -3523 5643 -1587 7481 2310 3112 -1507 1505 -4369 396 -4396 6270 -124 7274 2701 -2488 5522 10081 -6583 2036 -5052 -381 -8291 2081 8573 -502 -272 4477 -7563 -1703 -605 -1388 6364 -1305 7454 -1314 
843 1177 777 1075 -101 1111 481 404 270 632 637 -66 726 1088 637 -1179 -92 -5012 -2349 -4371 23 -469 4177 -1929 1518 -3748 -2826 1325 1447 -3924 4990 802 2247 1203 2377 1561 -2745 -1828 250 -3215 4128 -1250 2413 1272 1126 -209 2840 2688 1084 -300 -210 3251 -1491 2990 849 -907 -624 -3636 -3261 379 651 -513 1678 1707 1323 -5656 1495 -1084 -2193 1984 -1720 -6583 7976 -640 1709 966 3341 -2046 -7352 -209 478 -3502 1608 68 575 -3220 -5084 1079 -9821 514 
-880 -336 -1141 -1156 -235 -810 -505 -31 -92 -439 -541 -147 -605 40 434 254 -1780 34 906 3429 -2326 -1193 -4587 -1969 38 1778 -1901 -1782 3951 -2395 -1578 -3047 -2295 -1488 -1209 -1822 509 770 4342 345 2775 -1614 -1333 -635 -537 1626 -1235 -761 1107 -145 -1345 -1807 1436 -1306 -1580 3333 1626 443 -858 1051 -1810 919 -1960 -118 -4003 178 -788 3709 1140 -972 2144 2036 -640 4860 -3804 -429 -2314 2438 6082 -480 -50 1098 -1908 -3399 -215 -908 3234 -846 2515 78 
2360 1827 3760 3241 1648 1919 1483 526 1292 1263 1425 739 1357 570 -782 857 1013 -2454 460 3537 -1915 5436 9957 5484 1580 -4322 2350 4421 -14284 2791 -1402 6814 2456 -1307 2786 5513 1142 -700 -6251 -6897 -6425 7393 2936 -49 1943 556 -3867 1217 4617 805 3493 3438 2258 970 6056 -5116 2144 -4103 1820 -5272 3359 -907 6331 -1259 7592 -4470 -323 -12186 -2589 1730 -6018 -5052 1709 -3804 9613 -596 5521 -2418 -5821 1838 -499 -5106 8651 5012 334 7716 -8163 1306 -3995 1450 
-207 -470 -1120 -441 -296 -106 -192 -45 -292 25 -37 -188 -50 179 142 -1142 663 -85 -583 -3017 2205 -1322 176 63 -302 -372 -966 -1029 3794 -127 2890 -692 862 1760 454 -1280 -1394 -190 454 2591 3090 -1384 541 184 -19 -1127 2286 1256 -2301 -513 -834 950 -1959 1137 -1190 1200 -2111 1149 -559 2265 -153 215 -725 1301 924 1063 653 1158 -563 213 950 -381 966 -429 -596 927 -890 -222 -1976 1142 286 -139 -2428 -432 168 -2263 413 243 -3378 -447 
1937 2630 4493 2861 1657 1978 1230 575 856 687 1207 772 1578 184 -974 5429 488 -4013 -1789 2949 -3021 2765 5364 -493 3557 -3634 3362 8465 -13825 -1398 1595 4871 2326 -3783 2148 6807 1515 -800 -3366 -9223 -3638 5684 -1140 524 1728 944 -3097 -4210 7337 151 6207 1174 2366 1839 4752 -8621 3611 -8494 517 -7099 874 -1930 5263 -4024 5702 -6088 -1588 -8394 -1401 2060 -6896 -8291 3341 -2314 5521 -890 12888 -356 -5074 -384 -167 -4641 10896 1369 437 4283 -5981 910 554 1602 
-614 -224 -810 -902 -35 -631 -442 -90 -233 -404 -419 -60 -376 -167 -244 1440 -803 535 845 1904 -898 -574 -3075 -384 119 1529 -89 288 892 -210 -282 -1934 -1337 -1257 -984 -1142 864 920 1934 1035 1677 -345 -1937 -857 -341 613 -932 -1709 471 -105 281 -1481 1071 -640 -1039 1581 778 -56 785 749 -1368 512 -1217 -1088 -1597 1573 -1083 943 745 -849 640 2081 -2046 2438 -2418 -222 -356 2674 3952 583 -235 456 -1198 -2010 -223 375 2949 -678 2971 -93 
-1644 -1412 -981 -1740 2 -1656 -689 -250 73 -992 -1014 133 -1300 -1265 128 2453 -2225 4562 2618 9670 -5333 -72 -9887 -1684 -1517 6273 1033 -3621 2162 466 -9040 -3461 -5782 -3990 -3937 -2979 3823 2180 5462 39 -3010 -74 -3405 -1319 -1473 2967 -5360 -3870 1725 559 -1364 -5494 4254 -5305 -2037 3248 3784 3539 2715 -1458 -2603 1360 -3402 -1918 -7639 3950 -1807 7116 4014 -2719 5238 8573 -7352 6082 -5821 -1976 -5074 3952 15926 -2305 -477 4528 -2924 -3642 -717 1801 7548 -1968 14577 30 
204 -337 -1135 -116 280 39 -84 16 -133 296 194 -57 151 338 -371 -946 850 176 633 -1292 3056 72 2665 3496 163 -1161 -547 554 488 1775 3586 534 1615 1731 1176 -784 -1304 93 -1105 3582 3117 948 996 -727 440 -1369 1039 1739 -1802 -676 199 1839 -1477 1605 -38 1640 -2238 1079 756 2286 438 503 658 895 4251 1738 -262 -3518 -1661 208 -425 -502 -209 -480 1838 1142 -384 583 -2305 4092 13 -1824 -1358 319 188 971 -460 405 -5106 -281 
-108 -217 -322 -148 -101 -15 -42 -3 -95 -11 -1 -46 -7 -2 130 -308 349 51 -463 -977 672 -794 -455 -618 -84 21 -265 -641 1763 -419 953 -285 284 554 106 -422 -513 -127 465 699 1071 -654 96 267 -55 -397 901 195 -798 -244 -317 166 -797 320 -560 104 -819 544 -388 594 -186 7 -402 541 75 293 306 1284 -2 119 563 -272 478 -50 -499 286 -167 -235 -477 13 202 264 -724 -407 106 -1236 282 106 -614 -160 
-1310 -1170 -1624 -1740 -887 -1164 -806 -415 -714 -793 -873 -330 -807 -681 547 -1230 -352 3556 174 -785 1646 -2467 -6277 -2503 -1237 3187 -323 -2102 6753 168 -1989 -3018 -1681 926 -2271 -2558 -48 568 1428 5028 -489 -3768 -2065 183 -1638 -282 1523 -719 -2820 -170 -2080 -3174 -1035 -1659 -3019 1784 -897 3725 -973 2020 -1188 213 -3735 895 -5064 3984 -134 7052 2307 -1502 4002 4477 -3502 1098 -5106 -139 -4641 456 4528 -1824 264 5708 -3713 -1037 -346 -2723 5128 -862 5918 -927 
2761 3941 6877 4065 2199 2465 1720 769 1592 973 1465 1167 1899 278 -1081 5103 -852 -3661 728 8419 -6058 7181 7760 1603 4372 -4347 4016 11171 -21726 281 -4486 7221 1430 -5672 1850 9722 3237 -1459 -7028 -12977 -11274 8768 -586 126 1966 3237 -6350 -4093 10949 1543 6913 116 6455 132 8050 -10283 6964 -10036 908 -10372 2662 -2222 7319 -4261 3949 -8083 -2708 -13660 -1264 1695 -9461 -7563 1608 -1908 8651 -2428 10896 -1198 -2924 -1358 -724 -3713 16905 4653 146 11324 -8027 765 4382 2615 
1274 1224 2307 1697 510 999 667 187 557 583 619 343 722 287 -404 -603 259 -468 375 586 -618 4036 5724 3562 878 -2175 964 4024 -7950 3114 -2134 3793 949 8 905 3178 359 -833 -5283 -2703 -6248 3455 1321 18 594 534 -1011 1605 1956 786 1446 1152 1356 336 3402 -2831 1557 -2293 496 -2807 2584 -775 3118 177 1985 -1558 -182 -7233 -1194 576 -3296 -1703 68 -3399 5012 -432 1369 -2010 -3642 319 -407 -1037 4653 5045 -95 4794 -4268 522 -1309 704 
100 -23 52 144 86 142 94 56 47 96 121 33 97 32 27 20 339 -281 -325 -348 244 -242 323 -141 70 -283 41 -166 168 -225 735 288 401 199 326 102 -283 -113 -43 -161 517 91 275 199 172 -263 264 106 -160 -135 109 438 -347 323 48 -350 -456 97 -9 44 50 -47 209 168 636 -232 226 127 -215 249 6 -605 575 -215 334 168 437 -223 -717 188 106 -346 146 -95 136 -341 -461 195 -782 3 
1924 2670 4636 2746 1803 1324 1092 441 1330 688 855 945 1025 -49 -1406 3831 -1732 -249 3763 9317 -4985 8388 6982 5774 2073 -1752 4016 8386 -19257 4072 -7015 5623 -420 -4735 476 6269 4141 -245 -6303 -8230 -11231 8656 -47 -1526 1523 3106 -7707 -2909 7813 1968 4838 -454 7236 -1449 6713 -5444 6062 -6205 3661 -7223 2651 -825 5643 -4067 2991 -3562 -2864 -13950 -901 129 -6792 -1388 -3220 -908 7716 -2263 4283 375 1801 971 -1236 -2723 11324 4794 -341 13571 -4393 -30 5351 2005 
-2263 -1863 -3543 -3129 -1274 -1940 -1444 -548 -1201 -1238 -1375 -520 -1309 -807 170 -86 -1007 4393 1547 -1659 2470 -3443 -9012 -2975 -2089 4755 -472 -3798 11189 -125 -134 -5769 -2698 1073 -3064 -5332 557 1209 4420 7506 4053 -5151 -3408 -675 -1766 -427 2522 -2652 -5060 -402 -2557 -3985 -1193 -1422 -5394 4063 -2235 4338 564 4919 -3014 1044 -5864 839 -5818 6892 -433 9177 2769 -2105 5295 6364 -5084 3234 -8163 413 -5981 2949 7548 -460 282 5128 -8027 -4268 -461 -4393 10215 -1475 6925 -1375 
345 117 327 452 184 351 235 99 134 240 273 70 246 143 5 -243 612 -644 -509 -638 405 63 1482 351 218 -895 49 106 -742 -2 1048 957 862 412 725 576 -465 -255 -794 -534 187 566 721 300 339 -406 351 605 -28 -133 305 992 -524 630 548 -756 -564 -171 -90 -210 456 -164 798 328 1518 -669 361 -945 -589 498 -582 -1305 1079 -846 1306 243 910 -678 -1968 405 106 -862 765 522 195 -30 -1475 402 -1884 79 
-935 -238 2158 -483 612 -924 -172 -249 183 -1134 -725 614 -606 -2181 -778 6330 -1256 5808 2268 10881 -5968 1494 -9714 -3353 -333 6544 6008 1257 -7229 1886 -11345 -654 -4886 -6329 -4481 1258 6158 1568 913 -3910 -10755 2590 -5851 -626 -1503 2923 -6547 -9096 4326 1338 2840 -7720 6009 -5923 237 -4325 5090 689 4334 -6750 -1994 -520 -1792 -4904 -6718 3422 -3121 4664 5192 -2444 920 7454 -9821 2515 -3995 -3378 554 2971 14577 -5106 -614 5918 4382 -1309 -782 5351 6925 -1884 23798 435 
470 721 1196 729 367 441 313 177 359 198 265 220 304 122 -164 876 -390 -882 200 1804 -1734 1580 1451 366 712 -723 369 1729 -3580 -59 -1145 1156 -131 -1146 288 1512 653 -259 -676 -2831 -1800 1659 55 -49 428 936 -1340 -490 2114 331 952 135 1462 -66 1429 -1383 1607 -2010 175 -1785 435 -246 1307 -620 225 -1624 -356 -2388 -250 291 -1418 -1314 514 78 1450 -447 1602 -93 30 -281 -160 -927 2615 704 3 2005 -1375 79 435 568 
-37088470183704 -31459278842171 -58508525069238 -55510735991106 -58685090163742 -74188035826110 -56975415713879 -60745749207889 -62195508373190 -60954893970519 -62270669095702 -60660413373704 -44650216845443 2063164781225813 1860368924581208 1333597415508570 649426890690902 520055310419535 291773000591725 284699121266594 151170352635438 152051268807731 239630897010857 95023428420280 -14489006782648 163056728250644 -268333639407831 -61883759745256 60387528878256 -4863386366326 -67939360743362 -33906265829618 -63624704545471 -35509358671877 -94582946104154 -33700801332552 -185400236533652 272987393632263 -153834537928592 -112420147911980 -67271126086367 -76253337481225 -104985737530960 -55470002694788 -63215314121152 -100343262429586 85360545878304 83087405719885 -172748512182543 -108437773988819 -54091373812169 -57270995820175 -58324745399911 -81263815331531 -70665867128165 95865921284714 24406893304984 9252287020661 -61275905269234 -88098611373523 -27245096137945 -58606416597786 -72675423140884 -46228371754237 -173442873826109 -108547454121121 -104565583600340 11979489923746 -60575871472814 -49748527504519 -22224858411257 -147781583679601 -95434375784496 -51763044338039 -74890886710907 -65362816140875 -93341591545904 -100114839007886 -283752483676616 -50596070843330 -56823187835093 -189052221262794 32138868378576 -6631057680725 -63493704862091 -63176650230700 -33252834954230 -62967221934516 -30284838774451 -62571244766506 
